unsigned int fsm5_data[350272] = {
  0, 0, 0, 0, 0, 0, 0, 0, 0, 0, 0, 0, 0, 0, 0, 0, 0, 0, 0, 0, 0, 0, 0, 0, 0, 0, 0, 0, 0, 0, 0, 0, 0, 0, 0, 0, 0, 0, 0, 0, 0, 0, 0, 0, 0, 0, 0, 0, 0, 0, 0, 0,
  104, 156, 208, 260, 312, 364, 416, 468, 520, 572, 624, 676, 728, 780, 832, 884, 936, 988, 1040, 1092, 1144, 1196, 1248, 1300, 1352, 1404, 1456, 1508, 1560, 1612, 1664, 1716, 1768, 1820, 1872, 1924, 1976, 2028, 2080, 2132, 2184, 2236, 2288, 2340, 2392, 2444, 2496, 2548, 2600, 2652, 2704, 2756,
  0, 2808, 2808, 2808, 2860, 2912, 2912, 2912, 3172, 3224, 3224, 3224, 3744, 3796, 3796, 3796, 4576, 4628, 4628, 4628, 5668, 5720, 5720, 5720, 7020, 7072, 7072, 7072, 8632, 8684, 8684, 8684, 10504, 10556, 10556, 10556, 12636, 12688, 12688, 12688, 15028, 15080, 15080, 15080, 17680, 17732, 17732, 17732, 20592, 20644, 20644, 20644,
  2808, 0, 2808, 2808, 2912, 2964, 2912, 2912, 3224, 3380, 3224, 3224, 3796, 4056, 3796, 3796, 4628, 4992, 4628, 4628, 5720, 6188, 5720, 5720, 7072, 7644, 7072, 7072, 8684, 9360, 8684, 8684, 10556, 11336, 10556, 10556, 12688, 13572, 12688, 12688, 15080, 16068, 15080, 15080, 17732, 18824, 17732, 17732, 20644, 21840, 20644, 20644,
  2808, 2808, 0, 2808, 2912, 2912, 3068, 2912, 3224, 3224, 3536, 3224, 3796, 3796, 4264, 3796, 4628, 4628, 5252, 4628, 5720, 5720, 6500, 5720, 7072, 7072, 8008, 7072, 8684, 8684, 9776, 8684, 10556, 10556, 11804, 10556, 12688, 12688, 14092, 12688, 15080, 15080, 16640, 15080, 17732, 17732, 19448, 17732, 20644, 20644, 22516, 20644,
  2808, 2808, 2808, 0, 2912, 2912, 2912, 3120, 3224, 3224, 3224, 3640, 3796, 3796, 3796, 4420, 4628, 4628, 4628, 5460, 5720, 5720, 5720, 6760, 7072, 7072, 7072, 8320, 8684, 8684, 8684, 10140, 10556, 10556, 10556, 12220, 12688, 12688, 12688, 14560, 15080, 15080, 15080, 17160, 17732, 17732, 17732, 20020, 20644, 20644, 20644, 23140,
  2860, 2912, 2912, 2912, 0, 3016, 3016, 3016, 3276, 3328, 3328, 3328, 3848, 3900, 3900, 3900, 4680, 4732, 4732, 4732, 5772, 5824, 5824, 5824, 7124, 7176, 7176, 7176, 8736, 8788, 8788, 8788, 10608, 10660, 10660, 10660, 12740, 12792, 12792, 12792, 15132, 15184, 15184, 15184, 17784, 17836, 17836, 17836, 20696, 20748, 20748, 20748,
  2912, 2964, 2912, 2912, 3016, 0, 3016, 3016, 3328, 3432, 3328, 3328, 3900, 4108, 3900, 3900, 4732, 5044, 4732, 4732, 5824, 6240, 5824, 5824, 7176, 7696, 7176, 7176, 8788, 9412, 8788, 8788, 10660, 11388, 10660, 10660, 12792, 13624, 12792, 12792, 15184, 16120, 15184, 15184, 17836, 18876, 17836, 17836, 20748, 21892, 20748, 20748,
  2912, 2912, 3068, 2912, 3016, 3016, 0, 3016, 3328, 3328, 3588, 3328, 3900, 3900, 4316, 3900, 4732, 4732, 5304, 4732, 5824, 5824, 6552, 5824, 7176, 7176, 8060, 7176, 8788, 8788, 9828, 8788, 10660, 10660, 11856, 10660, 12792, 12792, 14144, 12792, 15184, 15184, 16692, 15184, 17836, 17836, 19500, 17836, 20748, 20748, 22568, 20748,
  2912, 2912, 2912, 3120, 3016, 3016, 3016, 0, 3328, 3328, 3328, 3692, 3900, 3900, 3900, 4472, 4732, 4732, 4732, 5512, 5824, 5824, 5824, 6812, 7176, 7176, 7176, 8372, 8788, 8788, 8788, 10192, 10660, 10660, 10660, 12272, 12792, 12792, 12792, 14612, 15184, 15184, 15184, 17212, 17836, 17836, 17836, 20072, 20748, 20748, 20748, 23192,
  3172, 3224, 3224, 3224, 3276, 3328, 3328, 3328, 0, 3484, 3484, 3484, 3952, 4004, 4004, 4004, 4784, 4836, 4836, 4836, 5876, 5928, 5928, 5928, 7228, 7280, 7280, 7280, 8840, 8892, 8892, 8892, 10712, 10764, 10764, 10764, 12844, 12896, 12896, 12896, 15236, 15288, 15288, 15288, 17888, 17940, 17940, 17940, 20800, 20852, 20852, 20852,
  3224, 3380, 3224, 3224, 3328, 3432, 3328, 3328, 3484, 0, 3484, 3484, 4004, 4160, 4004, 4004, 4836, 5096, 4836, 4836, 5928, 6292, 5928, 5928, 7280, 7748, 7280, 7280, 8892, 9464, 8892, 8892, 10764, 11440, 10764, 10764, 12896, 13676, 12896, 12896, 15288, 16172, 15288, 15288, 17940, 18928, 17940, 17940, 20852, 21944, 20852, 20852,
  3224, 3224, 3536, 3224, 3328, 3328, 3588, 3328, 3484, 3484, 0, 3484, 4004, 4004, 4368, 4004, 4836, 4836, 5356, 4836, 5928, 5928, 6604, 5928, 7280, 7280, 8112, 7280, 8892, 8892, 9880, 8892, 10764, 10764, 11908, 10764, 12896, 12896, 14196, 12896, 15288, 15288, 16744, 15288, 17940, 17940, 19552, 17940, 20852, 20852, 22620, 20852,
  3224, 3224, 3224, 3640, 3328, 3328, 3328, 3692, 3484, 3484, 3484, 0, 4004, 4004, 4004, 4524, 4836, 4836, 4836, 5564, 5928, 5928, 5928, 6864, 7280, 7280, 7280, 8424, 8892, 8892, 8892, 10244, 10764, 10764, 10764, 12324, 12896, 12896, 12896, 14664, 15288, 15288, 15288, 17264, 17940, 17940, 17940, 20124, 20852, 20852, 20852, 23244,
  3744, 3796, 3796, 3796, 3848, 3900, 3900, 3900, 3952, 4004, 4004, 4004, 0, 4212, 4212, 4212, 4888, 4940, 4940, 4940, 5980, 6032, 6032, 6032, 7332, 7384, 7384, 7384, 8944, 8996, 8996, 8996, 10816, 10868, 10868, 10868, 12948, 13000, 13000, 13000, 15340, 15392, 15392, 15392, 17992, 18044, 18044, 18044, 20904, 20956, 20956, 20956,
  3796, 4056, 3796, 3796, 3900, 4108, 3900, 3900, 4004, 4160, 4004, 4004, 4212, 0, 4212, 4212, 4940, 5148, 4940, 4940, 6032, 6344, 6032, 6032, 7384, 7800, 7384, 7384, 8996, 9516, 8996, 8996, 10868, 11492, 10868, 10868, 13000, 13728, 13000, 13000, 15392, 16224, 15392, 15392, 18044, 18980, 18044, 18044, 20956, 21996, 20956, 20956,
  3796, 3796, 4264, 3796, 3900, 3900, 4316, 3900, 4004, 4004, 4368, 4004, 4212, 4212, 0, 4212, 4940, 4940, 5408, 4940, 6032, 6032, 6656, 6032, 7384, 7384, 8164, 7384, 8996, 8996, 9932, 8996, 10868, 10868, 11960, 10868, 13000, 13000, 14248, 13000, 15392, 15392, 16796, 15392, 18044, 18044, 19604, 18044, 20956, 20956, 22672, 20956,
  3796, 3796, 3796, 4420, 3900, 3900, 3900, 4472, 4004, 4004, 4004, 4524, 4212, 4212, 4212, 0, 4940, 4940, 4940, 5616, 6032, 6032, 6032, 6916, 7384, 7384, 7384, 8476, 8996, 8996, 8996, 10296, 10868, 10868, 10868, 12376, 13000, 13000, 13000, 14716, 15392, 15392, 15392, 17316, 18044, 18044, 18044, 20176, 20956, 20956, 20956, 23296,
  4576, 4628, 4628, 4628, 4680, 4732, 4732, 4732, 4784, 4836, 4836, 4836, 4888, 4940, 4940, 4940, 0, 5200, 5200, 5200, 6084, 6136, 6136, 6136, 7436, 7488, 7488, 7488, 9048, 9100, 9100, 9100, 10920, 10972, 10972, 10972, 13052, 13104, 13104, 13104, 15444, 15496, 15496, 15496, 18096, 18148, 18148, 18148, 21008, 21060, 21060, 21060,
  4628, 4992, 4628, 4628, 4732, 5044, 4732, 4732, 4836, 5096, 4836, 4836, 4940, 5148, 4940, 4940, 5200, 0, 5200, 5200, 6136, 6396, 6136, 6136, 7488, 7852, 7488, 7488, 9100, 9568, 9100, 9100, 10972, 11544, 10972, 10972, 13104, 13780, 13104, 13104, 15496, 16276, 15496, 15496, 18148, 19032, 18148, 18148, 21060, 22048, 21060, 21060,
  4628, 4628, 5252, 4628, 4732, 4732, 5304, 4732, 4836, 4836, 5356, 4836, 4940, 4940, 5408, 4940, 5200, 5200, 0, 5200, 6136, 6136, 6708, 6136, 7488, 7488, 8216, 7488, 9100, 9100, 9984, 9100, 10972, 10972, 12012, 10972, 13104, 13104, 14300, 13104, 15496, 15496, 16848, 15496, 18148, 18148, 19656, 18148, 21060, 21060, 22724, 21060,
  4628, 4628, 4628, 5460, 4732, 4732, 4732, 5512, 4836, 4836, 4836, 5564, 4940, 4940, 4940, 5616, 5200, 5200, 5200, 0, 6136, 6136, 6136, 6968, 7488, 7488, 7488, 8528, 9100, 9100, 9100, 10348, 10972, 10972, 10972, 12428, 13104, 13104, 13104, 14768, 15496, 15496, 15496, 17368, 18148, 18148, 18148, 20228, 21060, 21060, 21060, 23348,
  5668, 5720, 5720, 5720, 5772, 5824, 5824, 5824, 5876, 5928, 5928, 5928, 5980, 6032, 6032, 6032, 6084, 6136, 6136, 6136, 0, 6448, 6448, 6448, 7540, 7592, 7592, 7592, 9152, 9204, 9204, 9204, 11024, 11076, 11076, 11076, 13156, 13208, 13208, 13208, 15548, 15600, 15600, 15600, 18200, 18252, 18252, 18252, 21112, 21164, 21164, 21164,
  5720, 6188, 5720, 5720, 5824, 6240, 5824, 5824, 5928, 6292, 5928, 5928, 6032, 6344, 6032, 6032, 6136, 6396, 6136, 6136, 6448, 0, 6448, 6448, 7592, 7904, 7592, 7592, 9204, 9620, 9204, 9204, 11076, 11596, 11076, 11076, 13208, 13832, 13208, 13208, 15600, 16328, 15600, 15600, 18252, 19084, 18252, 18252, 21164, 22100, 21164, 21164,
  5720, 5720, 6500, 5720, 5824, 5824, 6552, 5824, 5928, 5928, 6604, 5928, 6032, 6032, 6656, 6032, 6136, 6136, 6708, 6136, 6448, 6448, 0, 6448, 7592, 7592, 8268, 7592, 9204, 9204, 10036, 9204, 11076, 11076, 12064, 11076, 13208, 13208, 14352, 13208, 15600, 15600, 16900, 15600, 18252, 18252, 19708, 18252, 21164, 21164, 22776, 21164,
  5720, 5720, 5720, 6760, 5824, 5824, 5824, 6812, 5928, 5928, 5928, 6864, 6032, 6032, 6032, 6916, 6136, 6136, 6136, 6968, 6448, 6448, 6448, 0, 7592, 7592, 7592, 8580, 9204, 9204, 9204, 10400, 11076, 11076, 11076, 12480, 13208, 13208, 13208, 14820, 15600, 15600, 15600, 17420, 18252, 18252, 18252, 20280, 21164, 21164, 21164, 23400,
  7020, 7072, 7072, 7072, 7124, 7176, 7176, 7176, 7228, 7280, 7280, 7280, 7332, 7384, 7384, 7384, 7436, 7488, 7488, 7488, 7540, 7592, 7592, 7592, 0, 7956, 7956, 7956, 9256, 9308, 9308, 9308, 11128, 11180, 11180, 11180, 13260, 13312, 13312, 13312, 15652, 15704, 15704, 15704, 18304, 18356, 18356, 18356, 21216, 21268, 21268, 21268,
  7072, 7644, 7072, 7072, 7176, 7696, 7176, 7176, 7280, 7748, 7280, 7280, 7384, 7800, 7384, 7384, 7488, 7852, 7488, 7488, 7592, 7904, 7592, 7592, 7956, 0, 7956, 7956, 9308, 9672, 9308, 9308, 11180, 11648, 11180, 11180, 13312, 13884, 13312, 13312, 15704, 16380, 15704, 15704, 18356, 19136, 18356, 18356, 21268, 22152, 21268, 21268,
  7072, 7072, 8008, 7072, 7176, 7176, 8060, 7176, 7280, 7280, 8112, 7280, 7384, 7384, 8164, 7384, 7488, 7488, 8216, 7488, 7592, 7592, 8268, 7592, 7956, 7956, 0, 7956, 9308, 9308, 10088, 9308, 11180, 11180, 12116, 11180, 13312, 13312, 14404, 13312, 15704, 15704, 16952, 15704, 18356, 18356, 19760, 18356, 21268, 21268, 22828, 21268,
  7072, 7072, 7072, 8320, 7176, 7176, 7176, 8372, 7280, 7280, 7280, 8424, 7384, 7384, 7384, 8476, 7488, 7488, 7488, 8528, 7592, 7592, 7592, 8580, 7956, 7956, 7956, 0, 9308, 9308, 9308, 10452, 11180, 11180, 11180, 12532, 13312, 13312, 13312, 14872, 15704, 15704, 15704, 17472, 18356, 18356, 18356, 20332, 21268, 21268, 21268, 23452,
  8632, 8684, 8684, 8684, 8736, 8788, 8788, 8788, 8840, 8892, 8892, 8892, 8944, 8996, 8996, 8996, 9048, 9100, 9100, 9100, 9152, 9204, 9204, 9204, 9256, 9308, 9308, 9308, 0, 9724, 9724, 9724, 11232, 11284, 11284, 11284, 13364, 13416, 13416, 13416, 15756, 15808, 15808, 15808, 18408, 18460, 18460, 18460, 21320, 21372, 21372, 21372,
  8684, 9360, 8684, 8684, 8788, 9412, 8788, 8788, 8892, 9464, 8892, 8892, 8996, 9516, 8996, 8996, 9100, 9568, 9100, 9100, 9204, 9620, 9204, 9204, 9308, 9672, 9308, 9308, 9724, 0, 9724, 9724, 11284, 11700, 11284, 11284, 13416, 13936, 13416, 13416, 15808, 16432, 15808, 15808, 18460, 19188, 18460, 18460, 21372, 22204, 21372, 21372,
  8684, 8684, 9776, 8684, 8788, 8788, 9828, 8788, 8892, 8892, 9880, 8892, 8996, 8996, 9932, 8996, 9100, 9100, 9984, 9100, 9204, 9204, 10036, 9204, 9308, 9308, 10088, 9308, 9724, 9724, 0, 9724, 11284, 11284, 12168, 11284, 13416, 13416, 14456, 13416, 15808, 15808, 17004, 15808, 18460, 18460, 19812, 18460, 21372, 21372, 22880, 21372,
  8684, 8684, 8684, 10140, 8788, 8788, 8788, 10192, 8892, 8892, 8892, 10244, 8996, 8996, 8996, 10296, 9100, 9100, 9100, 10348, 9204, 9204, 9204, 10400, 9308, 9308, 9308, 10452, 9724, 9724, 9724, 0, 11284, 11284, 11284, 12584, 13416, 13416, 13416, 14924, 15808, 15808, 15808, 17524, 18460, 18460, 18460, 20384, 21372, 21372, 21372, 23504,
  10504, 10556, 10556, 10556, 10608, 10660, 10660, 10660, 10712, 10764, 10764, 10764, 10816, 10868, 10868, 10868, 10920, 10972, 10972, 10972, 11024, 11076, 11076, 11076, 11128, 11180, 11180, 11180, 11232, 11284, 11284, 11284, 0, 11752, 11752, 11752, 13468, 13520, 13520, 13520, 15860, 15912, 15912, 15912, 18512, 18564, 18564, 18564, 21424, 21476, 21476, 21476,
  10556, 11336, 10556, 10556, 10660, 11388, 10660, 10660, 10764, 11440, 10764, 10764, 10868, 11492, 10868, 10868, 10972, 11544, 10972, 10972, 11076, 11596, 11076, 11076, 11180, 11648, 11180, 11180, 11284, 11700, 11284, 11284, 11752, 0, 11752, 11752, 13520, 13988, 13520, 13520, 15912, 16484, 15912, 15912, 18564, 19240, 18564, 18564, 21476, 22256, 21476, 21476,
  10556, 10556, 11804, 10556, 10660, 10660, 11856, 10660, 10764, 10764, 11908, 10764, 10868, 10868, 11960, 10868, 10972, 10972, 12012, 10972, 11076, 11076, 12064, 11076, 11180, 11180, 12116, 11180, 11284, 11284, 12168, 11284, 11752, 11752, 0, 11752, 13520, 13520, 14508, 13520, 15912, 15912, 17056, 15912, 18564, 18564, 19864, 18564, 21476, 21476, 22932, 21476,
  10556, 10556, 10556, 12220, 10660, 10660, 10660, 12272, 10764, 10764, 10764, 12324, 10868, 10868, 10868, 12376, 10972, 10972, 10972, 12428, 11076, 11076, 11076, 12480, 11180, 11180, 11180, 12532, 11284, 11284, 11284, 12584, 11752, 11752, 11752, 0, 13520, 13520, 13520, 14976, 15912, 15912, 15912, 17576, 18564, 18564, 18564, 20436, 21476, 21476, 21476, 23556,
  12636, 12688, 12688, 12688, 12740, 12792, 12792, 12792, 12844, 12896, 12896, 12896, 12948, 13000, 13000, 13000, 13052, 13104, 13104, 13104, 13156, 13208, 13208, 13208, 13260, 13312, 13312, 13312, 13364, 13416, 13416, 13416, 13468, 13520, 13520, 13520, 0, 14040, 14040, 14040, 15964, 16016, 16016, 16016, 18616, 18668, 18668, 18668, 21528, 21580, 21580, 21580,
  12688, 13572, 12688, 12688, 12792, 13624, 12792, 12792, 12896, 13676, 12896, 12896, 13000, 13728, 13000, 13000, 13104, 13780, 13104, 13104, 13208, 13832, 13208, 13208, 13312, 13884, 13312, 13312, 13416, 13936, 13416, 13416, 13520, 13988, 13520, 13520, 14040, 0, 14040, 14040, 16016, 16536, 16016, 16016, 18668, 19292, 18668, 18668, 21580, 22308, 21580, 21580,
  12688, 12688, 14092, 12688, 12792, 12792, 14144, 12792, 12896, 12896, 14196, 12896, 13000, 13000, 14248, 13000, 13104, 13104, 14300, 13104, 13208, 13208, 14352, 13208, 13312, 13312, 14404, 13312, 13416, 13416, 14456, 13416, 13520, 13520, 14508, 13520, 14040, 14040, 0, 14040, 16016, 16016, 17108, 16016, 18668, 18668, 19916, 18668, 21580, 21580, 22984, 21580,
  12688, 12688, 12688, 14560, 12792, 12792, 12792, 14612, 12896, 12896, 12896, 14664, 13000, 13000, 13000, 14716, 13104, 13104, 13104, 14768, 13208, 13208, 13208, 14820, 13312, 13312, 13312, 14872, 13416, 13416, 13416, 14924, 13520, 13520, 13520, 14976, 14040, 14040, 14040, 0, 16016, 16016, 16016, 17628, 18668, 18668, 18668, 20488, 21580, 21580, 21580, 23608,
  15028, 15080, 15080, 15080, 15132, 15184, 15184, 15184, 15236, 15288, 15288, 15288, 15340, 15392, 15392, 15392, 15444, 15496, 15496, 15496, 15548, 15600, 15600, 15600, 15652, 15704, 15704, 15704, 15756, 15808, 15808, 15808, 15860, 15912, 15912, 15912, 15964, 16016, 16016, 16016, 0, 16588, 16588, 16588, 18720, 18772, 18772, 18772, 21632, 21684, 21684, 21684,
  15080, 16068, 15080, 15080, 15184, 16120, 15184, 15184, 15288, 16172, 15288, 15288, 15392, 16224, 15392, 15392, 15496, 16276, 15496, 15496, 15600, 16328, 15600, 15600, 15704, 16380, 15704, 15704, 15808, 16432, 15808, 15808, 15912, 16484, 15912, 15912, 16016, 16536, 16016, 16016, 16588, 0, 16588, 16588, 18772, 19344, 18772, 18772, 21684, 22360, 21684, 21684,
  15080, 15080, 16640, 15080, 15184, 15184, 16692, 15184, 15288, 15288, 16744, 15288, 15392, 15392, 16796, 15392, 15496, 15496, 16848, 15496, 15600, 15600, 16900, 15600, 15704, 15704, 16952, 15704, 15808, 15808, 17004, 15808, 15912, 15912, 17056, 15912, 16016, 16016, 17108, 16016, 16588, 16588, 0, 16588, 18772, 18772, 19968, 18772, 21684, 21684, 23036, 21684,
  15080, 15080, 15080, 17160, 15184, 15184, 15184, 17212, 15288, 15288, 15288, 17264, 15392, 15392, 15392, 17316, 15496, 15496, 15496, 17368, 15600, 15600, 15600, 17420, 15704, 15704, 15704, 17472, 15808, 15808, 15808, 17524, 15912, 15912, 15912, 17576, 16016, 16016, 16016, 17628, 16588, 16588, 16588, 0, 18772, 18772, 18772, 20540, 21684, 21684, 21684, 23660,
  17680, 17732, 17732, 17732, 17784, 17836, 17836, 17836, 17888, 17940, 17940, 17940, 17992, 18044, 18044, 18044, 18096, 18148, 18148, 18148, 18200, 18252, 18252, 18252, 18304, 18356, 18356, 18356, 18408, 18460, 18460, 18460, 18512, 18564, 18564, 18564, 18616, 18668, 18668, 18668, 18720, 18772, 18772, 18772, 0, 19396, 19396, 19396, 21736, 21788, 21788, 21788,
  17732, 18824, 17732, 17732, 17836, 18876, 17836, 17836, 17940, 18928, 17940, 17940, 18044, 18980, 18044, 18044, 18148, 19032, 18148, 18148, 18252, 19084, 18252, 18252, 18356, 19136, 18356, 18356, 18460, 19188, 18460, 18460, 18564, 19240, 18564, 18564, 18668, 19292, 18668, 18668, 18772, 19344, 18772, 18772, 19396, 0, 19396, 19396, 21788, 22412, 21788, 21788,
  17732, 17732, 19448, 17732, 17836, 17836, 19500, 17836, 17940, 17940, 19552, 17940, 18044, 18044, 19604, 18044, 18148, 18148, 19656, 18148, 18252, 18252, 19708, 18252, 18356, 18356, 19760, 18356, 18460, 18460, 19812, 18460, 18564, 18564, 19864, 18564, 18668, 18668, 19916, 18668, 18772, 18772, 19968, 18772, 19396, 19396, 0, 19396, 21788, 21788, 23088, 21788,
  17732, 17732, 17732, 20020, 17836, 17836, 17836, 20072, 17940, 17940, 17940, 20124, 18044, 18044, 18044, 20176, 18148, 18148, 18148, 20228, 18252, 18252, 18252, 20280, 18356, 18356, 18356, 20332, 18460, 18460, 18460, 20384, 18564, 18564, 18564, 20436, 18668, 18668, 18668, 20488, 18772, 18772, 18772, 20540, 19396, 19396, 19396, 0, 21788, 21788, 21788, 23712,
  20592, 20644, 20644, 20644, 20696, 20748, 20748, 20748, 20800, 20852, 20852, 20852, 20904, 20956, 20956, 20956, 21008, 21060, 21060, 21060, 21112, 21164, 21164, 21164, 21216, 21268, 21268, 21268, 21320, 21372, 21372, 21372, 21424, 21476, 21476, 21476, 21528, 21580, 21580, 21580, 21632, 21684, 21684, 21684, 21736, 21788, 21788, 21788, 0, 22464, 22464, 22464,
  20644, 21840, 20644, 20644, 20748, 21892, 20748, 20748, 20852, 21944, 20852, 20852, 20956, 21996, 20956, 20956, 21060, 22048, 21060, 21060, 21164, 22100, 21164, 21164, 21268, 22152, 21268, 21268, 21372, 22204, 21372, 21372, 21476, 22256, 21476, 21476, 21580, 22308, 21580, 21580, 21684, 22360, 21684, 21684, 21788, 22412, 21788, 21788, 22464, 0, 22464, 22464,
  20644, 20644, 22516, 20644, 20748, 20748, 22568, 20748, 20852, 20852, 22620, 20852, 20956, 20956, 22672, 20956, 21060, 21060, 22724, 21060, 21164, 21164, 22776, 21164, 21268, 21268, 22828, 21268, 21372, 21372, 22880, 21372, 21476, 21476, 22932, 21476, 21580, 21580, 22984, 21580, 21684, 21684, 23036, 21684, 21788, 21788, 23088, 21788, 22464, 22464, 0, 22464,
  20644, 20644, 20644, 23140, 20748, 20748, 20748, 23192, 20852, 20852, 20852, 23244, 20956, 20956, 20956, 23296, 21060, 21060, 21060, 23348, 21164, 21164, 21164, 23400, 21268, 21268, 21268, 23452, 21372, 21372, 21372, 23504, 21476, 21476, 21476, 23556, 21580, 21580, 21580, 23608, 21684, 21684, 21684, 23660, 21788, 21788, 21788, 23712, 22464, 22464, 22464, 0,
  23764, 23764, 23764, 23764, 23816, 23816, 23816, 23816, 23972, 23972, 23972, 23972, 24492, 24492, 24492, 24492, 25636, 25636, 25636, 25636, 27664, 27664, 27664, 27664, 30836, 30836, 30836, 30836, 35412, 35412, 35412, 35412, 41652, 41652, 41652, 41652, 49816, 49816, 49816, 49816, 60164, 60164, 60164, 60164, 72956, 72956, 72956, 72956, 88452, 88452, 88452, 88452,
  0, 23816, 23816, 23816, 0, 23868, 23868, 23868, 24024, 24076, 24076, 24076, 24544, 24596, 24596, 24596, 25688, 25740, 25740, 25740, 27716, 27768, 27768, 27768, 30888, 30940, 30940, 30940, 35464, 35516, 35516, 35516, 41704, 41756, 41756, 41756, 49868, 49920, 49920, 49920, 60216, 60268, 60268, 60268, 73008, 73060, 73060, 73060, 88504, 88556, 88556, 88556,
  23816, 23816, 23816, 23816, 23868, 23868, 23868, 23868, 24076, 24076, 24076, 24076, 24596, 24596, 24596, 24596, 25740, 25740, 25740, 25740, 27768, 27768, 27768, 27768, 30940, 30940, 30940, 30940, 35516, 35516, 35516, 35516, 41756, 41756, 41756, 41756, 49920, 49920, 49920, 49920, 60268, 60268, 60268, 60268, 73060, 73060, 73060, 73060, 88556, 88556, 88556, 88556,
  23816, 0, 23816, 23816, 23868, 0, 23868, 23868, 24076, 24180, 24076, 24076, 24596, 24960, 24596, 24596, 25740, 26468, 25740, 25740, 27768, 28964, 27768, 27768, 30940, 32708, 30940, 30940, 35516, 37960, 35516, 35516, 41756, 44980, 41756, 41756, 49920, 54028, 49920, 49920, 60268, 65364, 60268, 60268, 73060, 79248, 73060, 73060, 88556, 95940, 88556, 88556,
  23868, 23868, 23868, 23868, 23920, 23920, 23920, 23920, 24128, 24128, 24128, 24128, 24648, 24648, 24648, 24648, 25792, 25792, 25792, 25792, 27820, 27820, 27820, 27820, 30992, 30992, 30992, 30992, 35568, 35568, 35568, 35568, 41808, 41808, 41808, 41808, 49972, 49972, 49972, 49972, 60320, 60320, 60320, 60320, 73112, 73112, 73112, 73112, 88608, 88608, 88608, 88608,
  23816, 23816, 0, 23816, 23868, 23868, 0, 23868, 24076, 24076, 24336, 24076, 24596, 24596, 25272, 24596, 25740, 25740, 26988, 25740, 27768, 27768, 29744, 27768, 30940, 30940, 33800, 30940, 35516, 35516, 39416, 35516, 41756, 41756, 46852, 41756, 49920, 49920, 56368, 49920, 60268, 60268, 68224, 60268, 73060, 73060, 82680, 73060, 88556, 88556, 99996, 88556,
  23816, 23816, 23816, 0, 23868, 23868, 23868, 0, 24076, 24076, 24076, 24440, 24596, 24596, 24596, 25480, 25740, 25740, 25740, 27352, 27768, 27768, 27768, 30316, 30940, 30940, 30940, 34632, 35516, 35516, 35516, 40560, 41756, 41756, 41756, 48360, 49920, 49920, 49920, 58292, 60268, 60268, 60268, 70616, 73060, 73060, 73060, 85592, 88556, 88556, 88556, 103480,
  0, 23972, 23972, 23972, 24024, 24076, 24076, 24076, 0, 24232, 24232, 24232, 24700, 24752, 24752, 24752, 25844, 25896, 25896, 25896, 27872, 27924, 27924, 27924, 31044, 31096, 31096, 31096, 35620, 35672, 35672, 35672, 41860, 41912, 41912, 41912, 50024, 50076, 50076, 50076, 60372, 60424, 60424, 60424, 73164, 73216, 73216, 73216, 88660, 88712, 88712, 88712,
  23972, 23972, 23972, 23972, 24076, 24076, 24076, 24076, 24232, 24232, 24232, 24232, 24752, 24752, 24752, 24752, 25896, 25896, 25896, 25896, 27924, 27924, 27924, 27924, 31096, 31096, 31096, 31096, 35672, 35672, 35672, 35672, 41912, 41912, 41912, 41912, 50076, 50076, 50076, 50076, 60424, 60424, 60424, 60424, 73216, 73216, 73216, 73216, 88712, 88712, 88712, 88712,
  24024, 24076, 24076, 24076, 0, 24128, 24128, 24128, 0, 24284, 24284, 24284, 24804, 24856, 24856, 24856, 25948, 26000, 26000, 26000, 27976, 28028, 28028, 28028, 31148, 31200, 31200, 31200, 35724, 35776, 35776, 35776, 41964, 42016, 42016, 42016, 50128, 50180, 50180, 50180, 60476, 60528, 60528, 60528, 73268, 73320, 73320, 73320, 88764, 88816, 88816, 88816,
  24076, 24076, 24076, 24076, 24128, 24128, 24128, 24128, 24284, 24284, 24284, 24284, 24856, 24856, 24856, 24856, 26000, 26000, 26000, 26000, 28028, 28028, 28028, 28028, 31200, 31200, 31200, 31200, 35776, 35776, 35776, 35776, 42016, 42016, 42016, 42016, 50180, 50180, 50180, 50180, 60528, 60528, 60528, 60528, 73320, 73320, 73320, 73320, 88816, 88816, 88816, 88816,
  23972, 0, 23972, 23972, 24076, 24180, 24076, 24076, 24232, 0, 24232, 24232, 24752, 25012, 24752, 24752, 25896, 26520, 25896, 25896, 27924, 29016, 27924, 27924, 31096, 32760, 31096, 31096, 35672, 38012, 35672, 35672, 41912, 45032, 41912, 41912, 50076, 54080, 50076, 50076, 60424, 65416, 60424, 60424, 73216, 79300, 73216, 73216, 88712, 95992, 88712, 88712,
  24076, 24180, 24076, 24076, 24128, 0, 24128, 24128, 24284, 0, 24284, 24284, 24856, 25064, 24856, 24856, 26000, 26572, 26000, 26000, 28028, 29068, 28028, 28028, 31200, 32812, 31200, 31200, 35776, 38064, 35776, 35776, 42016, 45084, 42016, 42016, 50180, 54132, 50180, 50180, 60528, 65468, 60528, 60528, 73320, 79352, 73320, 73320, 88816, 96044, 88816, 88816,
  24232, 24232, 24232, 24232, 24284, 24284, 24284, 24284, 24388, 24388, 24388, 24388, 24908, 24908, 24908, 24908, 26052, 26052, 26052, 26052, 28080, 28080, 28080, 28080, 31252, 31252, 31252, 31252, 35828, 35828, 35828, 35828, 42068, 42068, 42068, 42068, 50232, 50232, 50232, 50232, 60580, 60580, 60580, 60580, 73372, 73372, 73372, 73372, 88868, 88868, 88868, 88868,
  23972, 23972, 0, 23972, 24076, 24076, 24336, 24076, 24232, 24232, 0, 24232, 24752, 24752, 25324, 24752, 25896, 25896, 27040, 25896, 27924, 27924, 29796, 27924, 31096, 31096, 33852, 31096, 35672, 35672, 39468, 35672, 41912, 41912, 46904, 41912, 50076, 50076, 56420, 50076, 60424, 60424, 68276, 60424, 73216, 73216, 82732, 73216, 88712, 88712, 100048, 88712,
  24076, 24076, 24336, 24076, 24128, 24128, 0, 24128, 24284, 24284, 0, 24284, 24856, 24856, 25376, 24856, 26000, 26000, 27092, 26000, 28028, 28028, 29848, 28028, 31200, 31200, 33904, 31200, 35776, 35776, 39520, 35776, 42016, 42016, 46956, 42016, 50180, 50180, 56472, 50180, 60528, 60528, 68328, 60528, 73320, 73320, 82784, 73320, 88816, 88816, 100100, 88816,
  23972, 23972, 23972, 0, 24076, 24076, 24076, 24440, 24232, 24232, 24232, 0, 24752, 24752, 24752, 25532, 25896, 25896, 25896, 27404, 27924, 27924, 27924, 30368, 31096, 31096, 31096, 34684, 35672, 35672, 35672, 40612, 41912, 41912, 41912, 48412, 50076, 50076, 50076, 58344, 60424, 60424, 60424, 70668, 73216, 73216, 73216, 85644, 88712, 88712, 88712, 103532,
  24076, 24076, 24076, 24440, 24128, 24128, 24128, 0, 24284, 24284, 24284, 0, 24856, 24856, 24856, 25584, 26000, 26000, 26000, 27456, 28028, 28028, 28028, 30420, 31200, 31200, 31200, 34736, 35776, 35776, 35776, 40664, 42016, 42016, 42016, 48464, 50180, 50180, 50180, 58396, 60528, 60528, 60528, 70720, 73320, 73320, 73320, 85696, 88816, 88816, 88816, 103584,
  0, 24492, 24492, 24492, 24544, 24596, 24596, 24596, 24700, 24752, 24752, 24752, 0, 25116, 25116, 25116, 26104, 26156, 26156, 26156, 28132, 28184, 28184, 28184, 31304, 31356, 31356, 31356, 35880, 35932, 35932, 35932, 42120, 42172, 42172, 42172, 50284, 50336, 50336, 50336, 60632, 60684, 60684, 60684, 73424, 73476, 73476, 73476, 88920, 88972, 88972, 88972,
  24492, 24492, 24492, 24492, 24596, 24596, 24596, 24596, 24752, 24752, 24752, 24752, 25116, 25116, 25116, 25116, 26156, 26156, 26156, 26156, 28184, 28184, 28184, 28184, 31356, 31356, 31356, 31356, 35932, 35932, 35932, 35932, 42172, 42172, 42172, 42172, 50336, 50336, 50336, 50336, 60684, 60684, 60684, 60684, 73476, 73476, 73476, 73476, 88972, 88972, 88972, 88972,
  24544, 24596, 24596, 24596, 0, 24648, 24648, 24648, 24804, 24856, 24856, 24856, 0, 25168, 25168, 25168, 26208, 26260, 26260, 26260, 28236, 28288, 28288, 28288, 31408, 31460, 31460, 31460, 35984, 36036, 36036, 36036, 42224, 42276, 42276, 42276, 50388, 50440, 50440, 50440, 60736, 60788, 60788, 60788, 73528, 73580, 73580, 73580, 89024, 89076, 89076, 89076,
  24596, 24596, 24596, 24596, 24648, 24648, 24648, 24648, 24856, 24856, 24856, 24856, 25168, 25168, 25168, 25168, 26260, 26260, 26260, 26260, 28288, 28288, 28288, 28288, 31460, 31460, 31460, 31460, 36036, 36036, 36036, 36036, 42276, 42276, 42276, 42276, 50440, 50440, 50440, 50440, 60788, 60788, 60788, 60788, 73580, 73580, 73580, 73580, 89076, 89076, 89076, 89076,
  24700, 24752, 24752, 24752, 24804, 24856, 24856, 24856, 0, 24908, 24908, 24908, 0, 25220, 25220, 25220, 26312, 26364, 26364, 26364, 28340, 28392, 28392, 28392, 31512, 31564, 31564, 31564, 36088, 36140, 36140, 36140, 42328, 42380, 42380, 42380, 50492, 50544, 50544, 50544, 60840, 60892, 60892, 60892, 73632, 73684, 73684, 73684, 89128, 89180, 89180, 89180,
  24752, 24752, 24752, 24752, 24856, 24856, 24856, 24856, 24908, 24908, 24908, 24908, 25220, 25220, 25220, 25220, 26364, 26364, 26364, 26364, 28392, 28392, 28392, 28392, 31564, 31564, 31564, 31564, 36140, 36140, 36140, 36140, 42380, 42380, 42380, 42380, 50544, 50544, 50544, 50544, 60892, 60892, 60892, 60892, 73684, 73684, 73684, 73684, 89180, 89180, 89180, 89180,
  24492, 0, 24492, 24492, 24596, 24960, 24596, 24596, 24752, 25012, 24752, 24752, 25116, 0, 25116, 25116, 26156, 26624, 26156, 26156, 28184, 29120, 28184, 28184, 31356, 32864, 31356, 31356, 35932, 38116, 35932, 35932, 42172, 45136, 42172, 42172, 50336, 54184, 50336, 50336, 60684, 65520, 60684, 60684, 73476, 79404, 73476, 73476, 88972, 96096, 88972, 88972,
  24596, 24960, 24596, 24596, 24648, 0, 24648, 24648, 24856, 25064, 24856, 24856, 25168, 0, 25168, 25168, 26260, 26676, 26260, 26260, 28288, 29172, 28288, 28288, 31460, 32916, 31460, 31460, 36036, 38168, 36036, 36036, 42276, 45188, 42276, 42276, 50440, 54236, 50440, 50440, 60788, 65572, 60788, 60788, 73580, 79456, 73580, 73580, 89076, 96148, 89076, 89076,
  24752, 25012, 24752, 24752, 24856, 25064, 24856, 24856, 24908, 0, 24908, 24908, 25220, 0, 25220, 25220, 26364, 26728, 26364, 26364, 28392, 29224, 28392, 28392, 31564, 32968, 31564, 31564, 36140, 38220, 36140, 36140, 42380, 45240, 42380, 42380, 50544, 54288, 50544, 50544, 60892, 65624, 60892, 60892, 73684, 79508, 73684, 73684, 89180, 96200, 89180, 89180,
  25116, 25116, 25116, 25116, 25168, 25168, 25168, 25168, 25220, 25220, 25220, 25220, 25428, 25428, 25428, 25428, 26416, 26416, 26416, 26416, 28444, 28444, 28444, 28444, 31616, 31616, 31616, 31616, 36192, 36192, 36192, 36192, 42432, 42432, 42432, 42432, 50596, 50596, 50596, 50596, 60944, 60944, 60944, 60944, 73736, 73736, 73736, 73736, 89232, 89232, 89232, 89232,
  24492, 24492, 0, 24492, 24596, 24596, 25272, 24596, 24752, 24752, 25324, 24752, 25116, 25116, 0, 25116, 26156, 26156, 27144, 26156, 28184, 28184, 29900, 28184, 31356, 31356, 33956, 31356, 35932, 35932, 39572, 35932, 42172, 42172, 47008, 42172, 50336, 50336, 56524, 50336, 60684, 60684, 68380, 60684, 73476, 73476, 82836, 73476, 88972, 88972, 100152, 88972,
  24596, 24596, 25272, 24596, 24648, 24648, 0, 24648, 24856, 24856, 25376, 24856, 25168, 25168, 0, 25168, 26260, 26260, 27196, 26260, 28288, 28288, 29952, 28288, 31460, 31460, 34008, 31460, 36036, 36036, 39624, 36036, 42276, 42276, 47060, 42276, 50440, 50440, 56576, 50440, 60788, 60788, 68432, 60788, 73580, 73580, 82888, 73580, 89076, 89076, 100204, 89076,
  24752, 24752, 25324, 24752, 24856, 24856, 25376, 24856, 24908, 24908, 0, 24908, 25220, 25220, 0, 25220, 26364, 26364, 27248, 26364, 28392, 28392, 30004, 28392, 31564, 31564, 34060, 31564, 36140, 36140, 39676, 36140, 42380, 42380, 47112, 42380, 50544, 50544, 56628, 50544, 60892, 60892, 68484, 60892, 73684, 73684, 82940, 73684, 89180, 89180, 100256, 89180,
  24492, 24492, 24492, 0, 24596, 24596, 24596, 25480, 24752, 24752, 24752, 25532, 25116, 25116, 25116, 0, 26156, 26156, 26156, 27508, 28184, 28184, 28184, 30472, 31356, 31356, 31356, 34788, 35932, 35932, 35932, 40716, 42172, 42172, 42172, 48516, 50336, 50336, 50336, 58448, 60684, 60684, 60684, 70772, 73476, 73476, 73476, 85748, 88972, 88972, 88972, 103636,
  24596, 24596, 24596, 25480, 24648, 24648, 24648, 0, 24856, 24856, 24856, 25584, 25168, 25168, 25168, 0, 26260, 26260, 26260, 27560, 28288, 28288, 28288, 30524, 31460, 31460, 31460, 34840, 36036, 36036, 36036, 40768, 42276, 42276, 42276, 48568, 50440, 50440, 50440, 58500, 60788, 60788, 60788, 70824, 73580, 73580, 73580, 85800, 89076, 89076, 89076, 103688,
  24752, 24752, 24752, 25532, 24856, 24856, 24856, 25584, 24908, 24908, 24908, 0, 25220, 25220, 25220, 0, 26364, 26364, 26364, 27612, 28392, 28392, 28392, 30576, 31564, 31564, 31564, 34892, 36140, 36140, 36140, 40820, 42380, 42380, 42380, 48620, 50544, 50544, 50544, 58552, 60892, 60892, 60892, 70876, 73684, 73684, 73684, 85852, 89180, 89180, 89180, 103740,
  0, 25636, 25636, 25636, 25688, 25740, 25740, 25740, 25844, 25896, 25896, 25896, 26104, 26156, 26156, 26156, 0, 26780, 26780, 26780, 28496, 28548, 28548, 28548, 31668, 31720, 31720, 31720, 36244, 36296, 36296, 36296, 42484, 42536, 42536, 42536, 50648, 50700, 50700, 50700, 60996, 61048, 61048, 61048, 73788, 73840, 73840, 73840, 89284, 89336, 89336, 89336,
  25636, 25636, 25636, 25636, 25740, 25740, 25740, 25740, 25896, 25896, 25896, 25896, 26156, 26156, 26156, 26156, 26780, 26780, 26780, 26780, 28548, 28548, 28548, 28548, 31720, 31720, 31720, 31720, 36296, 36296, 36296, 36296, 42536, 42536, 42536, 42536, 50700, 50700, 50700, 50700, 61048, 61048, 61048, 61048, 73840, 73840, 73840, 73840, 89336, 89336, 89336, 89336,
  25688, 25740, 25740, 25740, 0, 25792, 25792, 25792, 25948, 26000, 26000, 26000, 26208, 26260, 26260, 26260, 0, 26832, 26832, 26832, 28600, 28652, 28652, 28652, 31772, 31824, 31824, 31824, 36348, 36400, 36400, 36400, 42588, 42640, 42640, 42640, 50752, 50804, 50804, 50804, 61100, 61152, 61152, 61152, 73892, 73944, 73944, 73944, 89388, 89440, 89440, 89440,
  25740, 25740, 25740, 25740, 25792, 25792, 25792, 25792, 26000, 26000, 26000, 26000, 26260, 26260, 26260, 26260, 26832, 26832, 26832, 26832, 28652, 28652, 28652, 28652, 31824, 31824, 31824, 31824, 36400, 36400, 36400, 36400, 42640, 42640, 42640, 42640, 50804, 50804, 50804, 50804, 61152, 61152, 61152, 61152, 73944, 73944, 73944, 73944, 89440, 89440, 89440, 89440,
  25844, 25896, 25896, 25896, 25948, 26000, 26000, 26000, 0, 26052, 26052, 26052, 26312, 26364, 26364, 26364, 0, 26884, 26884, 26884, 28704, 28756, 28756, 28756, 31876, 31928, 31928, 31928, 36452, 36504, 36504, 36504, 42692, 42744, 42744, 42744, 50856, 50908, 50908, 50908, 61204, 61256, 61256, 61256, 73996, 74048, 74048, 74048, 89492, 89544, 89544, 89544,
  25896, 25896, 25896, 25896, 26000, 26000, 26000, 26000, 26052, 26052, 26052, 26052, 26364, 26364, 26364, 26364, 26884, 26884, 26884, 26884, 28756, 28756, 28756, 28756, 31928, 31928, 31928, 31928, 36504, 36504, 36504, 36504, 42744, 42744, 42744, 42744, 50908, 50908, 50908, 50908, 61256, 61256, 61256, 61256, 74048, 74048, 74048, 74048, 89544, 89544, 89544, 89544,
  26104, 26156, 26156, 26156, 26208, 26260, 26260, 26260, 26312, 26364, 26364, 26364, 0, 26416, 26416, 26416, 0, 26936, 26936, 26936, 28808, 28860, 28860, 28860, 31980, 32032, 32032, 32032, 36556, 36608, 36608, 36608, 42796, 42848, 42848, 42848, 50960, 51012, 51012, 51012, 61308, 61360, 61360, 61360, 74100, 74152, 74152, 74152, 89596, 89648, 89648, 89648,
  26156, 26156, 26156, 26156, 26260, 26260, 26260, 26260, 26364, 26364, 26364, 26364, 26416, 26416, 26416, 26416, 26936, 26936, 26936, 26936, 28860, 28860, 28860, 28860, 32032, 32032, 32032, 32032, 36608, 36608, 36608, 36608, 42848, 42848, 42848, 42848, 51012, 51012, 51012, 51012, 61360, 61360, 61360, 61360, 74152, 74152, 74152, 74152, 89648, 89648, 89648, 89648,
  25636, 0, 25636, 25636, 25740, 26468, 25740, 25740, 25896, 26520, 25896, 25896, 26156, 26624, 26156, 26156, 26780, 0, 26780, 26780, 28548, 29276, 28548, 28548, 31720, 33020, 31720, 31720, 36296, 38272, 36296, 36296, 42536, 45292, 42536, 42536, 50700, 54340, 50700, 50700, 61048, 65676, 61048, 61048, 73840, 79560, 73840, 73840, 89336, 96252, 89336, 89336,
  25740, 26468, 25740, 25740, 25792, 0, 25792, 25792, 26000, 26572, 26000, 26000, 26260, 26676, 26260, 26260, 26832, 0, 26832, 26832, 28652, 29328, 28652, 28652, 31824, 33072, 31824, 31824, 36400, 38324, 36400, 36400, 42640, 45344, 42640, 42640, 50804, 54392, 50804, 50804, 61152, 65728, 61152, 61152, 73944, 79612, 73944, 73944, 89440, 96304, 89440, 89440,
  25896, 26520, 25896, 25896, 26000, 26572, 26000, 26000, 26052, 0, 26052, 26052, 26364, 26728, 26364, 26364, 26884, 0, 26884, 26884, 28756, 29380, 28756, 28756, 31928, 33124, 31928, 31928, 36504, 38376, 36504, 36504, 42744, 45396, 42744, 42744, 50908, 54444, 50908, 50908, 61256, 65780, 61256, 61256, 74048, 79664, 74048, 74048, 89544, 96356, 89544, 89544,
  26156, 26624, 26156, 26156, 26260, 26676, 26260, 26260, 26364, 26728, 26364, 26364, 26416, 0, 26416, 26416, 26936, 0, 26936, 26936, 28860, 29432, 28860, 28860, 32032, 33176, 32032, 32032, 36608, 38428, 36608, 36608, 42848, 45448, 42848, 42848, 51012, 54496, 51012, 51012, 61360, 65832, 61360, 61360, 74152, 79716, 74152, 74152, 89648, 96408, 89648, 89648,
  26780, 26780, 26780, 26780, 26832, 26832, 26832, 26832, 26884, 26884, 26884, 26884, 26936, 26936, 26936, 26936, 27300, 27300, 27300, 27300, 28912, 28912, 28912, 28912, 32084, 32084, 32084, 32084, 36660, 36660, 36660, 36660, 42900, 42900, 42900, 42900, 51064, 51064, 51064, 51064, 61412, 61412, 61412, 61412, 74204, 74204, 74204, 74204, 89700, 89700, 89700, 89700,
  25636, 25636, 0, 25636, 25740, 25740, 26988, 25740, 25896, 25896, 27040, 25896, 26156, 26156, 27144, 26156, 26780, 26780, 0, 26780, 28548, 28548, 30056, 28548, 31720, 31720, 34112, 31720, 36296, 36296, 39728, 36296, 42536, 42536, 47164, 42536, 50700, 50700, 56680, 50700, 61048, 61048, 68536, 61048, 73840, 73840, 82992, 73840, 89336, 89336, 100308, 89336,
  25740, 25740, 26988, 25740, 25792, 25792, 0, 25792, 26000, 26000, 27092, 26000, 26260, 26260, 27196, 26260, 26832, 26832, 0, 26832, 28652, 28652, 30108, 28652, 31824, 31824, 34164, 31824, 36400, 36400, 39780, 36400, 42640, 42640, 47216, 42640, 50804, 50804, 56732, 50804, 61152, 61152, 68588, 61152, 73944, 73944, 83044, 73944, 89440, 89440, 100360, 89440,
  25896, 25896, 27040, 25896, 26000, 26000, 27092, 26000, 26052, 26052, 0, 26052, 26364, 26364, 27248, 26364, 26884, 26884, 0, 26884, 28756, 28756, 30160, 28756, 31928, 31928, 34216, 31928, 36504, 36504, 39832, 36504, 42744, 42744, 47268, 42744, 50908, 50908, 56784, 50908, 61256, 61256, 68640, 61256, 74048, 74048, 83096, 74048, 89544, 89544, 100412, 89544,
  26156, 26156, 27144, 26156, 26260, 26260, 27196, 26260, 26364, 26364, 27248, 26364, 26416, 26416, 0, 26416, 26936, 26936, 0, 26936, 28860, 28860, 30212, 28860, 32032, 32032, 34268, 32032, 36608, 36608, 39884, 36608, 42848, 42848, 47320, 42848, 51012, 51012, 56836, 51012, 61360, 61360, 68692, 61360, 74152, 74152, 83148, 74152, 89648, 89648, 100464, 89648,
  25636, 25636, 25636, 0, 25740, 25740, 25740, 27352, 25896, 25896, 25896, 27404, 26156, 26156, 26156, 27508, 26780, 26780, 26780, 0, 28548, 28548, 28548, 30628, 31720, 31720, 31720, 34944, 36296, 36296, 36296, 40872, 42536, 42536, 42536, 48672, 50700, 50700, 50700, 58604, 61048, 61048, 61048, 70928, 73840, 73840, 73840, 85904, 89336, 89336, 89336, 103792,
  25740, 25740, 25740, 27352, 25792, 25792, 25792, 0, 26000, 26000, 26000, 27456, 26260, 26260, 26260, 27560, 26832, 26832, 26832, 0, 28652, 28652, 28652, 30680, 31824, 31824, 31824, 34996, 36400, 36400, 36400, 40924, 42640, 42640, 42640, 48724, 50804, 50804, 50804, 58656, 61152, 61152, 61152, 70980, 73944, 73944, 73944, 85956, 89440, 89440, 89440, 103844,
  25896, 25896, 25896, 27404, 26000, 26000, 26000, 27456, 26052, 26052, 26052, 0, 26364, 26364, 26364, 27612, 26884, 26884, 26884, 0, 28756, 28756, 28756, 30732, 31928, 31928, 31928, 35048, 36504, 36504, 36504, 40976, 42744, 42744, 42744, 48776, 50908, 50908, 50908, 58708, 61256, 61256, 61256, 71032, 74048, 74048, 74048, 86008, 89544, 89544, 89544, 103896,
  26156, 26156, 26156, 27508, 26260, 26260, 26260, 27560, 26364, 26364, 26364, 27612, 26416, 26416, 26416, 0, 26936, 26936, 26936, 0, 28860, 28860, 28860, 30784, 32032, 32032, 32032, 35100, 36608, 36608, 36608, 41028, 42848, 42848, 42848, 48828, 51012, 51012, 51012, 58760, 61360, 61360, 61360, 71084, 74152, 74152, 74152, 86060, 89648, 89648, 89648, 103948,
  0, 27664, 27664, 27664, 27716, 27768, 27768, 27768, 27872, 27924, 27924, 27924, 28132, 28184, 28184, 28184, 28496, 28548, 28548, 28548, 0, 29484, 29484, 29484, 32136, 32188, 32188, 32188, 36712, 36764, 36764, 36764, 42952, 43004, 43004, 43004, 51116, 51168, 51168, 51168, 61464, 61516, 61516, 61516, 74256, 74308, 74308, 74308, 89752, 89804, 89804, 89804,
  27664, 27664, 27664, 27664, 27768, 27768, 27768, 27768, 27924, 27924, 27924, 27924, 28184, 28184, 28184, 28184, 28548, 28548, 28548, 28548, 29484, 29484, 29484, 29484, 32188, 32188, 32188, 32188, 36764, 36764, 36764, 36764, 43004, 43004, 43004, 43004, 51168, 51168, 51168, 51168, 61516, 61516, 61516, 61516, 74308, 74308, 74308, 74308, 89804, 89804, 89804, 89804,
  27716, 27768, 27768, 27768, 0, 27820, 27820, 27820, 27976, 28028, 28028, 28028, 28236, 28288, 28288, 28288, 28600, 28652, 28652, 28652, 0, 29536, 29536, 29536, 32240, 32292, 32292, 32292, 36816, 36868, 36868, 36868, 43056, 43108, 43108, 43108, 51220, 51272, 51272, 51272, 61568, 61620, 61620, 61620, 74360, 74412, 74412, 74412, 89856, 89908, 89908, 89908,
  27768, 27768, 27768, 27768, 27820, 27820, 27820, 27820, 28028, 28028, 28028, 28028, 28288, 28288, 28288, 28288, 28652, 28652, 28652, 28652, 29536, 29536, 29536, 29536, 32292, 32292, 32292, 32292, 36868, 36868, 36868, 36868, 43108, 43108, 43108, 43108, 51272, 51272, 51272, 51272, 61620, 61620, 61620, 61620, 74412, 74412, 74412, 74412, 89908, 89908, 89908, 89908,
  27872, 27924, 27924, 27924, 27976, 28028, 28028, 28028, 0, 28080, 28080, 28080, 28340, 28392, 28392, 28392, 28704, 28756, 28756, 28756, 0, 29588, 29588, 29588, 32344, 32396, 32396, 32396, 36920, 36972, 36972, 36972, 43160, 43212, 43212, 43212, 51324, 51376, 51376, 51376, 61672, 61724, 61724, 61724, 74464, 74516, 74516, 74516, 89960, 90012, 90012, 90012,
